%YAML:1.0
---
type: IMU
name: simulation_imu
Gyr:
   unit: " rad/s"
   avg-axis:
      gyr_n: 2.1229738481724625e-01
      gyr_w: 8.0243922693759519e-04
   x-axis:
      gyr_n: 2.0959585619174040e-01
      gyr_w: 6.4239439921280552e-04
   y-axis:
      gyr_n: 2.1569334377212501e-01
      gyr_w: 8.7330612996999572e-04
   z-axis:
      gyr_n: 2.1160295448787342e-01
      gyr_w: 8.9161715162998422e-04
Acc:
   unit: " m/s^2"
   avg-axis:
      acc_n: 2.6535697268268560e-01
      acc_w: 3.2193302446429342e-03
   x-axis:
      acc_n: 2.6590399807144616e-01
      acc_w: 3.2813712128301835e-03
   y-axis:
      acc_n: 2.6376813425642315e-01
      acc_w: 3.3060224408372608e-03
   z-axis:
      acc_n: 2.6639878572018760e-01
      acc_w: 3.0705970802613583e-03
