%YAML:1.0
---
type: IMU
name: simulation_imu2
Gyr:
   unit: " rad/s"
   avg-axis:
      gyr_n: 3.5267739028187323e-01
      gyr_w: 2.3088408692190088e-03
   x-axis:
      gyr_n: 3.5573826430026007e-01
      gyr_w: 2.1085238486685644e-03
   y-axis:
      gyr_n: 3.5205623386886370e-01
      gyr_w: 2.5288250999719233e-03
   z-axis:
      gyr_n: 3.5023767267649586e-01
      gyr_w: 2.2891736590165391e-03
Acc:
   unit: " m/s^2"
   avg-axis:
      acc_n: 4.9066992485100269e-01
      acc_w: 9.1893707285324120e-03
   x-axis:
      acc_n: 4.9129940667402350e-01
      acc_w: 8.9211493571356333e-03
   y-axis:
      acc_n: 4.8750424710901652e-01
      acc_w: 9.5949644124087834e-03
   z-axis:
      acc_n: 4.9320612076996811e-01
      acc_w: 9.0519984160528193e-03
